<Covariate>					
<Trait>	Q1	Q2	Q3	Q4	Q5
aa	0.446138	0.001654	0.236962	0.221278	0.093968
aj	0.659356	0.131641	0.059068	0.090545	0.059389
dv	1E-05	1E-05	1E-05	0.99996	1E-05
dw	0.832854	1E-05	1E-05	0.020108	0.147017
dx	0.010029	1E-05	1E-05	0.113859	0.876092
dy	0.072752	1E-05	0.190749	0.405319	0.33117
dz	0.031698	0.20416	0.356764	0.029726	0.377652
ea	1E-05	0.210592	0.363524	0.035173	0.390701
eb	0.882166	1E-05	1E-05	1E-05	0.117804
ec	0.228812	0.138925	0.141486	1E-05	0.490766
ed	1E-05	0.189514	0.476742	0.118865	0.214869
ee	0.855161	0.144809	1E-05	1E-05	1E-05
ak	0.065245	0.328791	0.605944	1E-05	1E-05
ef	1E-05	0.076846	0.361299	0.154363	0.407482
eg	0.10859	0.047756	0.138114	0.024003	0.681537
eh	0.333752	0.237719	0.068217	0.135182	0.22513
ei	0.025831	0.025172	1E-05	0.122475	0.826512
ej	1E-05	1E-05	1E-05	1E-05	0.99996
ek	0.38753	0.013614	0.24454	0.195333	0.158982
el	0.279104	0.640701	1E-05	1E-05	0.080175
em	0.579788	0.297516	1E-05	0.048155	0.07453
en	1E-05	0.192414	0.807556	1E-05	1E-05
eo	1E-05	0.284795	0.687631	1E-05	0.027555
al	0.138909	0.767856	0.093215	1E-05	1E-05
ep	0.313129	0.121984	0.447121	0.117756	1E-05
eq	0.790485	0.209485	1E-05	1E-05	1E-05
er	0.049878	1E-05	0.352076	0.185765	0.412271
es	1E-05	0.707449	1E-05	1E-05	0.292521
et	0.301796	1E-05	0.558623	0.081985	0.057587
eu	0.035575	1E-05	0.764783	0.07497	0.124662
ev	1E-05	1E-05	1E-05	0.99996	1E-05
ew	1E-05	1E-05	0.083795	0.455952	0.460233
ex	0.038878	0.004688	0.84742	0.086475	0.02254
ey	0.228331	1E-05	0.178695	0.186898	0.406066
am	0.138495	0.124138	0.737347	1E-05	1E-05
ez	0.396194	1E-05	0.574427	0.019558	0.009811
fa	1E-05	0.205039	0.554331	1E-05	0.24061
fb	0.899984	0.099986	1E-05	1E-05	1E-05
fc	1E-05	0.99996	1E-05	1E-05	1E-05
fd	0.478504	1E-05	0.373157	0.148319	1E-05
fe	1E-05	1E-05	1E-05	0.99996	1E-05
ff	0.600734	0.031555	0.173847	0.065828	0.128036
fg	0.26852	1E-05	0.130688	0.442538	0.158244
fh	0.580693	1E-05	0.017305	0.247827	0.154166
fi	1E-05	0.654645	0.345325	1E-05	1E-05
an	0.741652	0.258318	1E-05	1E-05	1E-05
fj	0.421394	0.068514	0.375516	0.018263	0.116314
fk	0.438769	0.057222	0.242596	0.113901	0.147511
fl	0.1716	0.653542	0.030316	0.023537	0.121006
fm	0.023251	0.429854	0.322102	0.05885	0.165943
fn	0.934364	1E-05	1E-05	1E-05	0.065606
fo	0.31861	1E-05	0.521799	0.119823	0.039758
fp	0.665738	0.144286	0.054127	0.023629	0.11222
fq	0.6168	0.082293	0.087986	0.125261	0.087659
fr	1E-05	0.99996	1E-05	1E-05	1E-05
fs	0.160732	0.417086	0.162186	1E-05	0.259986
ao	1E-05	0.2812	0.418585	1E-05	0.300195
ft	0.218467	0.224641	0.462502	0.094381	1E-05
fu	0.632571	0.17913	0.046655	0.069094	0.07255
fv	0.418447	0.00662	0.273012	0.176178	0.125743
fw	0.058614	0.200828	0.221915	1E-05	0.518633
fx	0.678961	0.2645	0.024836	1E-05	0.031693
fy	1E-05	0.088363	0.532758	1E-05	0.378859
fz	0.20935	0.004452	0.485108	0.069003	0.232086
ga	0.309928	0.576593	0.013343	0.010592	0.089543
gb	0.601205	0.148474	0.15209	1E-05	0.098221
gc	1E-05	1E-05	1E-05	0.99996	1E-05
ap	0.363773	0.215265	0.212541	1E-05	0.208412
gd	0.336638	0.020407	0.506036	0.136908	1E-05
ge	0.320733	1E-05	0.238206	0.251055	0.189997
gf	0.122837	0.055478	1E-05	0.060799	0.760876
gg	1E-05	0.246292	0.518542	0.137264	0.097892
gh	0.526153	0.258479	0.118939	0.039165	0.057264
gi	1E-05	0.293425	0.605488	1E-05	0.101066
gj	0.742928	1E-05	1E-05	0.11628	0.140772
gk	0.519324	1E-05	0.323375	0.123695	0.033597
gl	0.263706	0.113104	0.420476	0.087431	0.115283
gm	0.365571	0.035201	0.49611	0.049185	0.053932
aq	0.055149	0.04368	0.844331	1E-05	0.056831
gn	1E-05	0.514677	0.181651	0.056916	0.246746
go	0.882535	0.117435	1E-05	1E-05	1E-05
gp	0.171176	0.191556	0.528119	0.015494	0.093656
gq	0.185754	1E-05	0.212917	0.257571	0.343748
gr	0.074645	1E-05	0.638484	0.06419	0.222671
gs	0.30854	0.037832	0.462444	0.068649	0.122535
gt	0.409929	1E-05	0.21297	0.236444	0.140648
gu	0.883209	1E-05	1E-05	1E-05	0.116761
gv	1E-05	0.299614	0.60455	0.019941	0.075885
gw	0.33903	0.077975	0.582975	1E-05	1E-05
ar	1E-05	0.504538	1E-05	1E-05	0.495432
gx	1E-05	1E-05	0.059726	0.940244	1E-05
gy	1E-05	0.423969	0.511971	1E-05	0.06404
gz	0.642313	0.111576	0.068168	0.063273	0.114669
ha	0.245071	0.173688	0.071715	0.068365	0.441161
hb	0.317203	1E-05	0.335304	0.140912	0.206571
hc	0.16133	0.100155	0.577918	0.011564	0.149032
hd	1E-05	1E-05	0.108145	0.590845	0.30099
he	0.418131	1E-05	0.101989	0.33708	0.14279
hf	0.11699	0.119384	0.763607	1E-05	1E-05
hg	0.002299	0.112853	0.230193	1E-05	0.654645
as	0.278211	0.032521	0.36068	1E-05	0.328578
hh	0.114375	0.26874	0.571778	1E-05	0.045096
hi	0.53874	1E-05	0.395928	0.065313	1E-05
hj	0.156367	0.056668	0.491733	0.002692	0.29254
hk	0.670652	0.084448	0.093826	0.031137	0.119937
hl	0.324999	0.595149	1E-05	1E-05	0.079832
hm	0.084947	1E-05	0.688005	0.014293	0.212744
hn	0.835948	0.082249	0.074332	1E-05	0.007461
ho	0.673134	0.056709	0.135537	0.042438	0.092182
hp	0.688652	0.100234	0.085974	0.047052	0.078087
hq	0.016802	1E-05	1E-05	0.983168	1E-05
ab	0.036091	1E-05	0.1157	0.078103	0.770095
at	0.466905	1E-05	0.461883	0.071192	1E-05
hr	0.662969	0.249812	0.065986	1E-05	0.021223
hs	0.544617	1E-05	0.211818	0.175701	0.067854
ht	0.066013	0.109532	0.316298	0.00226	0.505898
hu	0.725564	0.14957	0.111426	0.008003	0.005436
hv	0.406883	1E-05	0.564555	1E-05	0.028541
hw	0.906269	0.093701	1E-05	1E-05	1E-05
hx	0.452673	0.072897	0.150803	0.160632	0.162995
hy	1E-05	0.165246	0.795567	0.039167	1E-05
hz	0.802837	0.013804	0.068193	0.059991	0.055175
ia	0.106811	0.013821	1E-05	0.879348	1E-05
au	1E-05	1E-05	1E-05	1E-05	0.99996
ib	1E-05	0.99996	1E-05	1E-05	1E-05
ic	0.175694	1E-05	0.717134	0.011274	0.095887
id	0.886733	0.113237	1E-05	1E-05	1E-05
ie	0.508209	0.187328	0.155865	0.07321	0.075388
if	0.83623	0.06179	0.086514	1E-05	0.015456
ig	0.439926	1E-05	0.17502	0.106329	0.278716
ih	0.141427	0.048849	0.246322	0.131948	0.431453
ii	0.39738	0.141761	0.22815	0.142566	0.090142
ij	0.405157	0.123463	0.410878	0.005445	0.055056
ik	0.161142	1E-05	0.608018	0.089436	0.141394
av	0.050809	1E-05	0.949161	1E-05	1E-05
il	1E-05	0.08644	0.296899	1E-05	0.616641
im	0.195525	0.173913	0.258773	0.090886	0.280903
in	0.099468	0.017584	0.22613	0.297512	0.359306
io	0.195328	0.140474	0.567091	0.097098	1E-05
ip	0.291751	0.037991	0.14382	0.116613	0.409824
iq	0.818702	0.095395	1E-05	0.00071	0.085183
ir	0.536625	0.022252	0.340418	0.100695	1E-05
is	0.401192	0.27285	0.097109	0.031969	0.19688
it	0.411228	0.059579	0.2787	0.114833	0.135661
iu	1E-05	0.515561	0.185855	0.298564	1E-05
aw	0.337884	1E-05	0.620365	0.041731	1E-05
iv	1E-05	0.283779	0.700889	1E-05	0.015312
iw	0.661235	0.036457	0.116528	0.091266	0.094514
ix	0.60439	0.186801	0.053405	0.155394	1E-05
iy	0.098836	1E-05	0.527538	0.112723	0.260893
iz	0.675301	0.140491	0.075627	0.108571	1E-05
ja	0.402064	0.216408	0.282346	0.019846	0.079337
jb	0.397906	0.367013	1E-05	0.145299	0.089772
jc	1E-05	0.199864	0.552711	0.085308	0.162107
jd	0.488188	1E-05	0.066081	0.277556	0.168164
je	1E-05	0.99996	1E-05	1E-05	1E-05
ax	0.835446	1E-05	0.037698	0.023054	0.103792
jf	0.336453	0.243319	0.307425	0.064406	0.048398
jg	0.280375	1E-05	0.637262	0.082342	1E-05
jh	0.030749	0.260355	0.708876	1E-05	1E-05
ji	0.509768	0.195678	0.129591	0.123655	0.041307
jj	0.837115	1E-05	1E-05	0.013694	0.149171
jk	0.228945	0.08219	0.406753	0.053201	0.228912
jl	0.417749	0.279941	0.054516	0.067957	0.179837
jm	0.67384	1E-05	0.121731	0.124978	0.07944
jn	1E-05	0.99996	1E-05	1E-05	1E-05
jo	0.056308	1E-05	0.943662	1E-05	1E-05
ay	0.036169	1E-05	0.096288	0.247096	0.620436
jp	0.059507	0.178577	0.21524	1E-05	0.546666
jq	0.246935	0.170812	0.440757	0.141485	1E-05
jr	0.637581	0.343746	1E-05	0.018653	1E-05
js	1E-05	1E-05	1E-05	0.99996	1E-05
jt	0.62233	0.11223	0.250774	1E-05	0.014656
ju	0.915474	0.084496	1E-05	1E-05	1E-05
jv	0.331659	0.001538	0.526359	0.069838	0.070606
jw	0.063998	0.223881	0.659622	1E-05	0.052489
jx	1E-05	1E-05	1E-05	1E-05	0.99996
jy	0.187582	0.111679	0.101739	0.083366	0.515635
az	0.437283	1E-05	0.501687	0.03152	0.0295
jz	0.252174	1E-05	0.638205	0.063765	0.045847
ka	0.366569	0.093823	0.095359	0.427379	0.01687
kb	0.001637	1E-05	0.956779	0.033601	0.007972
kc	0.369615	0.480487	1E-05	0.029358	0.120529
kd	0.555511	0.061007	0.063805	0.216728	0.102949
ke	0.100062	0.517252	0.361526	0.021151	1E-05
kf	0.340911	0.013719	0.307841	0.254512	0.083017
kg	0.435796	0.019948	0.339759	1E-05	0.204487
kh	0.581721	0.108435	0.143863	0.027619	0.138362
ki	0.85238	0.147588	1E-05	1.2E-05	1E-05
ba	0.573381	0.127089	0.12014	0.064993	0.114398
kj	0.107788	0.299544	0.371361	0.086991	0.134316
kk	1E-05	0.171188	0.828782	1E-05	1E-05
kl	0.34886	0.02239	0.43407	0.074094	0.120587
km	0.914423	1E-05	1E-05	1E-05	0.085547
kn	0.364155	0.212214	0.127177	0.033731	0.262724
ko	1E-05	0.111371	0.063915	0.207715	0.61699
kp	1E-05	1E-05	1E-05	0.99996	1E-05
kq	0.909329	0.06723	1E-05	0.02342	1E-05
kr	0.047334	0.377089	0.343414	1E-05	0.232153
ks	1E-05	1E-05	1E-05	1E-05	0.99996
bb	0.228702	0.085274	0.599204	0.08681	1E-05
kt	0.439799	0.09575	0.077711	0.23593	0.15081
ku	0.196907	0.521225	1E-05	0.051554	0.230304
kv	0.360609	0.100379	0.185958	0.110042	0.243011
kw	0.365085	0.126622	0.18727	0.314553	0.00647
kx	1E-05	1E-05	1E-05	0.99996	1E-05
ky	0.43951	1E-05	0.46307	0.097399	1E-05
kz	0.043453	0.14809	0.808437	1E-05	1E-05
la	0.55448	0.341614	1E-05	0.02794	0.075957
lb	0.527261	1E-05	0.310145	0.086637	0.075947
lc	0.891725	0.108245	1E-05	1E-05	1E-05
bc	0.326328	1E-05	0.580255	1E-05	0.093397
ld	0.520365	0.157457	1E-05	0.083367	0.238801
le	0.38582	1E-05	0.343809	0.123055	0.147306
lf	0.329885	0.093429	0.326329	0.080347	0.17001
lg	1E-05	1E-05	0.419789	1E-05	0.580181
lh	1E-05	1E-05	0.084989	0.486495	0.428496
li	1E-05	0.99996	1E-05	1E-05	1E-05
lj	0.815871	0.151046	1E-05	1E-05	0.033064
lk	0.620906	0.176561	0.002209	0.048237	0.152087
ll	0.376704	0.371595	0.250228	0.001462	1E-05
lm	1E-05	1E-05	1E-05	0.99996	1E-05
ac	0.142861	0.117704	0.591039	0.049285	0.099111
bd	1E-05	0.329413	0.670557	1E-05	1E-05
ln	0.230141	0.255021	0.373295	0.037278	0.104264
be	0.145946	0.000815	0.225988	0.027715	0.599536
bf	0.519367	0.259864	0.048855	0.025884	0.14603
bg	1E-05	0.074061	0.832147	0.093772	1E-05
bh	0.195366	0.14083	0.477748	0.018718	0.167338
bi	1E-05	1E-05	0.978439	0.021531	1E-05
bj	1E-05	1E-05	1E-05	0.99996	1E-05
bk	1E-05	0.901986	1E-05	0.029557	0.068437
bl	0.224266	0.606025	1E-05	0.060182	0.109517
bm	1E-05	0.059711	0.26208	0.195903	0.482297
ad	0.848247	0.151723	1E-05	1E-05	1E-05
bn	0.2227	0.099701	0.580939	0.096651	1E-05
bo	0.051835	1E-05	0.902519	0.038655	0.006981
bp	0.341537	1E-05	0.411655	0.061982	0.184817
bq	1E-05	0.266184	0.517903	0.009427	0.206476
br	0.419598	0.003568	0.438908	0.095419	0.042506
bs	0.624528	1E-05	1E-05	0.215846	0.159606
bt	0.516198	0.189691	0.064756	0.038097	0.191258
bu	0.362218	0.53347	0.058703	0.045599	1E-05
bv	0.394759	0.016336	0.387923	0.07109	0.129892
bw	1E-05	1E-05	0.99996	1E-05	1E-05
ae	1E-05	1E-05	0.663876	0.113142	0.222962
bx	0.088482	1E-05	0.377653	0.167641	0.366214
by	0.369869	0.210291	0.225441	1E-05	0.194389
bz	0.096938	0.838478	1E-05	1E-05	0.064564
ca	0.289369	0.020525	0.576754	0.037794	0.075559
cb	0.79746	0.113159	0.010905	0.058952	0.019524
cc	0.000797	0.096594	0.885296	0.017303	1E-05
cd	1E-05	0.685417	0.314553	1E-05	1E-05
ce	0.431912	0.028872	0.32783	0.133498	0.077888
cf	1E-05	0.99996	1E-05	1E-05	1E-05
cg	0.125948	0.056841	0.03235	0.734477	0.050385
af	0.72327	0.105096	0.144762	0.008905	0.017967
ch	1E-05	1E-05	0.99996	1E-05	1E-05
ci	1E-05	0.727614	0.195363	0.041432	0.035581
cj	0.10574	0.180688	0.277609	0.069511	0.366453
ck	0.074414	1E-05	0.54111	0.169115	0.215351
cl	0.299315	0.000946	0.144512	0.180357	0.37487
cm	0.816393	0.064927	1E-05	0.091727	0.026943
cn	1E-05	0.10881	0.224242	0.011667	0.655271
co	0.377276	0.221743	0.163014	1E-05	0.237956
cp	1E-05	1E-05	0.142205	0.388815	0.46896
cq	0.048445	0.106929	0.213655	0.069533	0.561438
ag	1E-05	0.612715	1E-05	1E-05	0.387255
cr	0.497371	1E-05	0.064594	0.292147	0.145878
cs	0.190424	0.059707	0.068233	0.681626	1E-05
ct	0.582943	0.149575	1E-05	0.061704	0.205768
cu	0.892755	0.049796	1E-05	1E-05	0.057429
cv	0.841517	0.127916	1E-05	1E-05	0.030547
cw	0.449072	0.145833	0.334205	0.001151	0.069739
cx	0.80712	1E-05	1E-05	0.02803	0.16483
cy	0.16464	1E-05	0.452155	0.165304	0.217891
cz	0.042158	0.035657	0.577407	0.097818	0.24696
da	1E-05	0.254068	0.542582	1E-05	0.20333
ah	0.528891	0.010706	0.254401	0.04353	0.162473
db	0.333361	0.026917	0.081348	0.225918	0.332456
dc	0.485718	1E-05	0.424658	0.089604	1E-05
dd	1E-05	1E-05	0.99996	1E-05	1E-05
de	0.84919	0.15078	1E-05	1E-05	1E-05
df	0.548225	0.064516	1E-05	0.179008	0.208242
dg	0.219745	0.204875	0.434341	0.008684	0.132354
dh	0.327024	1E-05	0.626312	0.046644	1E-05
di	1E-05	0.99996	1E-05	1E-05	1E-05
dj	0.652089	0.188618	0.078035	0.042294	0.038965
dk	1E-05	1E-05	0.837734	1E-05	0.162236
ai	0.019907	0.20871	0.053191	0.713574	0.004618
dl	0.36276	1E-05	0.607276	0.029944	1E-05
dm	0.460772	1E-05	0.39729	0.141918	1E-05
dn	1E-05	0.403498	0.091253	0.032	0.473239
do	0.27613	0.509724	0.014222	0.037415	0.162509
dp	0.88864	0.076715	1E-05	0.034624	1E-05
dq	0.057912	0.558189	0.105865	0.12658	0.151454
dr	0.041999	0.31222	0.645761	1E-05	1E-05
ds	0.230873	0.512218	0.036514	0.08621	0.134185
dt	0.092805	0.214097	0.422018	0.148313	0.122767
du	0.150209	0.07097	0.230445	0.295992	0.252384

